INTRA4X4_LUMA =
5,7,11,17,
7,10,14,19,
10,13,16,23,
13,17,21,30

INTRA4X4_CHROMAU =
5,7,11,17,
7,10,14,19,
10,13,16,23,
13,17,21,30

INTRA4X4_CHROMAV =
5,7,11,17,
7,10,14,19,
10,13,16,23,
13,17,21,30

INTER4X4_LUMA =
5,7,10,11,
7,10,11,12,
10,11,12,13,
11,12,13,15

INTER4X4_CHROMAU =
5,7,10,11,
7,10,11,12,
10,11,12,13,
11,12,13,15

INTER4X4_CHROMAV =
5,7,10,11,
7,10,11,12,
10,11,12,13,
11,12,13,15

INTRA8X8_LUMA =
5,5,7,9,11,13,14,17,
5,6,8,11,13,14,17,18,
7,9,10,11,14,17,17,19,
9,10,13,13,14,17,18,22,
10,13,13,14,16,17,21,23,
13,13,14,16,17,20,22,26,
13,13,14,17,19,23,25,27,
13,14,17,19,21,24,25,30

INTER8X8_LUMA =
5,5,7,9,10,10,11,11,
5,6,9,10,10,11,11,12,
7,9,10,10,11,11,12,12,
9,10,10,11,11,13,13,13,
10,10,11,11,12,13,13,13,
10,11,11,12,13,13,14,15,
11,11,12,13,13,14,13,15,
11,12,12,13,13,15,15,15
