INTRA4X4_LUMA =
4,9,18,45,
9,16,35,180,
18,35,225,255,
45,180,255,255

INTRA4X4_CHROMAU =
14,22,32,72,
22,24,41,144,
32,41,96,200,
72,144,200,255

INTRA4X4_CHROMAV =
14,22,32,72,
22,24,41,144,
32,41,96,200,
72,144,200,255

INTER4X4_LUMA =
4,9,18,45,
9,16,35,180,
18,35,225,255,
45,180,255,255

INTER4X4_CHROMAU =
16,22,22,22,
22,22,22,56,
22,22,72,96,
22,56,96,128

INTER4X4_CHROMAV =
16,22,22,22,
22,22,22,56,
22,22,72,96,
22,56,96,128

INTRA8X8_LUMA =
5,11,10,16,28,68,80,80,
12,12,14,18,32,73,90,110,
14,13,16,30,51,87,138,112,
14,17,28,36,80,174,160,124,
18,28,47,88,136,255,206,154,
30,42,86,128,162,208,226,184,
60,128,156,174,206,241,240,202,
144,184,190,196,224,200,206,198

INTER8X8_LUMA =
5,11,10,16,22,28,38,46,
12,12,14,18,26,38,45,70,
14,13,16,24,34,41,51,125,
14,17,22,24,37,50,100,155,
18,22,28,42,70,135,160,180,
24,26,39,50,135,175,200,205,
30,45,51,100,160,200,225,230,
48,70,125,155,180,205,230,255 
