INTRA4X4_LUMA =
6,16,22,28,
16,24,32,40,
22,32,48,72,
28,40,72,112

INTRA4X4_CHROMAU =
12,22,32,72,
22,24,41,144,
32,41,96,200,
72,144,200,255

INTRA4X4_CHROMAV =
12,22,32,72,
22,24,41,144,
32,41,96,200,
72,144,200,255

INTER4X4_LUMA =
9,20,21,24,
20,21,24,44,
21,24,56,80,
24,44,80,112

INTER4X4_CHROMAU =
16,22,22,22,
22,22,22,56,
22,22,72,96,
22,56,96,128

INTER4X4_CHROMAV =
16,22,22,22,
22,22,22,56,
22,22,72,96,
22,56,96,128

INTRA8X8_LUMA =
8,9,11,13,16,21,24,27,
9,9,12,15,18,22,24,29,
11,12,15,19,22,25,28,32,
13,15,19,24,27,30,34,37,
16,18,22,27,34,39,41,46,
21,22,25,30,39,48,59,74,
24,24,28,34,41,59,81,109,
27,29,32,37,46,74,109,160

INTER8X8_LUMA =
12,12,12,12,13,16,19,25,
12,12,12,12,13,16,21,27,
12,12,13,15,18,21,26,33,
12,12,15,21,25,30,37,45,
13,13,18,25,34,43,54,64,
16,16,21,30,43,60,76,94,
19,21,26,37,54,76,102,132,
25,27,33,45,64,94,132,177 
