INTRA4X4_LUMA =
6,7,10,16,
7,7,11,17,
10,11,12,20,
12,13,20,16

INTRA4X4_CHROMAU =
16,16,16,16,
16,16,16,16,
16,16,16,16,
16,16,16,16

INTRA4X4_CHROMAV =
16,16,16,16,
16,16,16,16,
16,16,16,16,
16,16,16,16

INTER4X4_LUMA =
10,13,28,41,
13,14,32,84,
28,32,41,111,
41,46,111,16

INTER4X4_CHROMAU =
16,16,16,16,
16,16,16,16,
16,16,16,16,
16,16,16,16

INTER4X4_CHROMAV =
16,16,16,16,
16,16,16,16,
16,16,16,16,
16,16,16,16

INTRA8X8_LUMA =
9,9,10,10,11,16,21,29,
9,9,10,10,11,16,21,29,
10,10,10,10,11,16,22,31,
10,10,10,11,11,17,23,33,
11,11,11,11,11,19,25,36,
12,12,13,13,14,20,27,40,
15,15,16,16,21,27,31,45,
20,20,21,22,36,40,45,16

INTER8X8_LUMA =
12,13,15,18,20,70,163,255,
13,13,16,18,20,72,170,255,
15,16,17,19,21,81,190,255,
18,18,19,21,23,96,228,255,
20,20,21,23,25,120,255,255,
33,34,36,39,45,32,255,255,
64,66,71,80,164,255,255,255,
151,155,169,192,255,255,255,10
