INTRA4X4_LUMA =
 8,12,14,16,
12,14,16,18,
14,16,18,24,
16,18,24,32

INTRA4X4_CHROMAU =
 8,14,16,24,
14,16,24,32,
16,24,32,64,
24,32,64,128

INTRA4X4_CHROMAV =
 8,14,16,24,
14,16,24,32,
16,24,32,64,
24,32,64,128

INTER4X4_LUMA =
 8,12,14,16,
12,14,16,18,
14,16,18,24,
16,18,24,32

INTER4X4_CHROMAU =
 8,14,16,24,
14,16,24,32,
16,24,32,64,
24,32,64,128

INTER4X4_CHROMAV =
 8,14,16,24,
14,16,24,32,
16,24,32,64,
24,32,64,128

INTRA8X8_LUMA =
 8, 9,10,12,13,14,15,16,
 9,10,12,13,14,15,16,24,
10,12,13,14,15,16,24,32,
12,13,14,15,16,24,32,48,
13,14,15,16,24,32,48,56,
14,15,16,24,32,48,56,64,
15,16,24,32,48,56,64,96,
16,24,32,48,56,64,96,128

INTER8X8_LUMA =
 8, 9,10,12,13,14,15,16,
 9,10,12,13,14,15,16,24,
10,12,13,14,15,16,24,32,
12,13,14,15,16,24,32,48,
13,14,15,16,24,32,48,56,
14,15,16,24,32,48,56,64,
15,16,24,32,48,56,64,96,
16,24,32,48,56,64,96,128
