INTRA4X4_LUMA =
 8,12,14,16,
12,14,16,18,
14,16,18,24,
16,18,24,32

INTRA4X4_CHROMAU =
 8,12,14,16,
12,14,16,18,
14,16,18,24,
16,18,24,32

INTRA4X4_CHROMAV =
 8,12,14,16,
12,14,16,18,
14,16,18,24,
16,18,24,32

INTER4X4_LUMA =
 8,12,14,16,
12,14,16,18,
14,16,18,20,
16,18,20,24

INTER4X4_CHROMAU =
 8,12,14,16,
12,14,16,18,
14,16,18,20,
16,18,20,24

INTER4X4_CHROMAV =
 8,12,14,16,
12,14,16,18,
14,16,18,20,
16,18,20,24

INTRA8X8_LUMA =
 8, 8,10,12,13,14,15,16,
 8,10,12,13,14,15,16,18,
10,12,13,14,15,16,18,20,
12,13,14,15,16,18,20,22,
13,14,15,16,18,20,22,24,
14,15,16,18,20,22,24,26,
15,16,18,20,22,24,26,28,
16,18,20,22,24,26,28,32

INTER8X8_LUMA =
16,16,16,16,16,16,16,16,
16,16,16,16,16,16,16,16,
16,16,16,16,16,16,16,16,
16,16,16,16,16,16,16,16,
16,16,16,16,16,16,16,16,
16,16,16,16,16,16,16,16,
16,16,16,16,16,16,16,16,
16,16,16,16,16,16,16,16
