INTRA4X4_LUMA =
5,9,23,32,
9,12,32,32,
23,32,32,32,
32,32,32,32

INTRA4X4_CHROMAU =
5,9,23,32,
9,12,32,32,
23,32,32,32,
32,32,32,32

INTRA4X4_CHROMAV =
5,9,23,32,
9,12,32,32,
23,32,32,32,
32,32,32,32

INTER4X4_LUMA =
9,13,20,24,
13,20,24,29,
20,24,29,29,
24,29,29,29

INTER4X4_CHROMAU =
9,13,20,24,
13,20,24,29,
20,24,29,29,
24,29,29,29

INTER4X4_CHROMAV =
9,13,20,24,
13,20,24,29,
20,24,29,29,
24,29,29,29

INTRA8X8_LUMA =
5,8,11,15,19,26,32,32,
8,9,15,19,26,32,32,32,
11,15,19,26,32,32,32,32,
15,19,26,32,32,32,32,32,
19,26,32,32,32,32,32,32,
26,32,32,32,32,32,32,32,
32,32,32,32,32,32,32,32,
32,32,32,32,32,32,32,32

INTER8X8_LUMA =
9,12,14,16,18,21,23,26,
12,13,16,18,21,23,26,29,
14,16,18,21,23,26,29,29,
16,18,21,23,26,29,29,29,
18,21,23,26,29,29,29,29,
21,23,26,29,29,29,29,29,
23,26,29,29,29,29,29,29,
26,29,29,29,29,29,29,29
